Iteration	CPUTime	PhysTime	Travels	Value	AvValue	MinValue	MaxValue	Delta	Criteria	Progress	CriteriaType	CriteriaVarType	CriteriaPercentage
1	1	0	0.025	474.342635	474.342635	474.342635	474.342635	0	0	0	0	0	0	3
2	1	0	0.05	477.703897	476.023266	474.342635	477.703897	1.68063144	0	0	0	0	0	3
3	1	0	0.075	477.280502	476.442345	474.342635	477.703897	2.09970998	0	0	0	0	0	3
4	2	0	0.1	481.14461	477.617911	474.342635	481.14461	3.27527645	0	0	0	0	0	3
5	2	0	0.125	480.39431	478.173191	474.342635	481.14461	3.83055624	0	0	0	0	0	3
6	2	0	0.15	481.860978	478.787822	474.342635	481.860978	4.44518737	0	0	0	0	0	3
7	2	0	0.175	481.588597	479.187933	474.342635	481.860978	4.84529816	0	0	0	0	0	3
8	2	0	0.2	482.235635	479.568895	474.342635	482.235635	5.22626093	0	0	0	0	0	3
9	2	0	0.225	482.548761	479.899992	474.342635	482.548761	5.55735708	0	0	0	0	0	3
10	2	0	0.25	482.797114	480.189704	474.342635	482.797114	5.84706937	0	0	0	0	0	3
11	2	0	0.275	483.06799	480.451366	474.342635	483.06799	6.10873177	0	0	0	0	0	3
12	2	0	0.3	483.729755	480.724565	474.342635	483.729755	6.3819308	0	0	0	0	0	3
13	2	0	0.325	484.138248	480.987156	474.342635	484.138248	6.64452177	0	0	0	0	0	3
14	2	0	0.35	484.850899	481.263138	474.342635	484.850899	6.9205034	0	0	0	0	0	3
15	2	0	0.375	485.503115	481.545803	474.342635	485.503115	7.20316852	0	0	0	0	0	3
16	3	0	0.4	486.201536	481.836786	474.342635	486.201536	7.49415182	0	0	0	0	0	3
17	3	0	0.425	487.193337	482.151878	474.342635	487.193337	7.80924306	0	0	0	0	0	3
18	3	0	0.45	487.720235	482.461231	474.342635	487.720235	8.11859626	0	0	0	0	0	3
19	3	0	0.475	488.204576	482.763512	474.342635	488.204576	8.42087758	0	0	0	0	0	3
20	3	0	0.5	488.677677	483.05922	474.342635	488.677677	8.7165858	0	0	0	0	0	3
21	3	0	0.525	489.378706	483.811024	477.280502	489.378706	7.78775795	0	0	0	0	0	3
22	3	0	0.55	489.731855	484.412422	477.280502	489.731855	7.97007728	0	0	0	0	0	3
23	3	0	0.575	490.406581	485.068726	480.39431	490.406581	7.45081481	0	0	0	0	0	3
24	3	0	0.6	490.574566	485.540224	480.39431	490.574566	7.36703282	0	0	0	0	0	3
25	3	0	0.625	491.032274	486.072122	481.588597	491.032274	7.28429988	0	0	0	0	0	3
26	3	0	0.65	491.267766	486.542461	481.588597	491.267766	7.35452852	0	0	0	0	0	3
27	4	0	0.675	491.731464	487.049605	482.235635	491.731464	7.48070909	0	0	0	0	0	3
28	4	0	0.7	491.708365	487.523241	482.548761	491.731464	7.62324942	0	0	0	0	0	3
29	4	0	0.725	492.084923	488.000049	482.797114	492.084923	7.81034523	0	0	0	0	0	3
30	4	0	0.75	491.955637	488.457975	483.06799	492.084923	8.00660898	0	0	0	0	0	3
31	4	0	0.775	492.325017	488.920827	483.729755	492.325017	8.19626128	0	0	0	0	0	3
32	4	0	0.8	492.317507	489.350214	484.138248	492.325017	8.18676907	0	0	0	0	0	3
33	4	0	0.825	492.374244	489.762014	484.850899	492.374244	7.52334506	0	0	0	0	0	3
34	4	0	0.85	492.447216	490.14183	485.503115	492.447216	6.94410167	0	0	0	0	0	3
35	4	0	0.875	492.293416	490.481345	486.201536	492.447216	6.24568059	0	0	0	0	0	3
36	4	0	0.9	492.414683	490.792002	487.193337	492.447216	5.25387896	0	0	0	0	0	3
37	4	0	0.925	492.286893	491.04668	487.720235	492.447216	4.72698122	0	0	0	0	0	3
38	4	0	0.95	492.497124	491.285524	488.204576	492.497124	4.29254786	0	0	0	0	0	3
39	5	0	0.975	492.244208	491.487506	488.677677	492.497124	3.81944722	0	0	0	0	0	3
40	5	0	1	492.306602	491.668952	489.378706	492.497124	3.11841724	2.28249332	0	73.1	0	0	3
41	5	0	1.025	492.169749	491.808505	489.731855	492.497124	2.7652689	2.28249332	0	82.5	0	0	3
42	5	0	1.05	492.395805	491.941702	490.406581	492.497124	2.09054231	2.28249332	0	100	0	0	3
43	5	0	1.075	492.325481	492.037647	490.574566	492.497124	1.92255745	2.28249332	0	100	0	0	3
44	5	0	1.1	492.285475	492.049448	490.574566	492.497124	1.92255745	2.28249332	0	100	0	0	3
45	5	0	1.125	492.319653	492.132548	491.032274	492.497124	1.46484993	2.28249332	0	100	0	0	3
46	5	0	1.15	492.321324	492.193931	491.267766	492.497124	1.22935746	2.28249332	0	100	0	0	3
47	5	0	1.175	492.365445	492.246201	491.708365	492.497124	0.788759219	2.28249332	0	100	0	0	3
48	5	0	1.2	492.378333	492.277005	491.708365	492.497124	0.788759219	2.28249332	0	100	0	0	3
49	5	0	1.225	492.403954	492.310128	491.955637	492.497124	0.541486291	2.28249332	0	100	0	0	3
50	6	0	1.25	492.410756	492.325644	491.955637	492.497124	0.541486291	2.28249332	0	100	0	0	3
51	6	0	1.275	492.440712	492.348743	492.169749	492.497124	0.327374267	2.28249332	0	100	0	0	3
52	6	0	1.3	492.416755	492.353111	492.169749	492.497124	0.327374267	2.28249332	0	100	0	0	3
53	6	0	1.325	492.425192	492.358239	492.169749	492.497124	0.327374267	2.28249332	0	100	0	0	3
54	6	0	1.35	492.303846	492.354887	492.169749	492.497124	0.327374267	2.28249332	0	100	0	0	3
55	6	0	1.375	492.399229	492.352602	492.169749	492.497124	0.327374267	2.28249332	0	100	0	0	3
56	6	0	1.4	492.304661	492.353137	492.169749	492.497124	0.327374267	2.28249332	0	100	0	0	3
57	6	0	1.425	492.384205	492.351686	492.169749	492.497124	0.327374267	2.28249332	0	100	0	0	3
58	6	0	1.45	492.301328	492.352373	492.169749	492.497124	0.327374267	2.28249332	0	100	0	0	3
59	6	0	1.475	492.381612	492.346873	492.169749	492.440712	0.270962379	2.28249332	0	100	0	0	3
60	6	0	1.5	492.301005	492.349577	492.169749	492.440712	0.270962379	2.28249332	0	100	0	0	3
61	6	0	1.525	492.380217	492.353083	492.169749	492.440712	0.270962379	2.28249332	0	100	0	0	3
62	7	0	1.55	492.317184	492.360103	492.285475	492.440712	0.155236821	2.28249332	0	100	0	0	3
63	7	0	1.575	492.382418	492.359466	492.285475	492.440712	0.155236821	2.28249332	0	100	0	0	3
64	7	0	1.6	492.329689	492.359666	492.285475	492.440712	0.155236821	2.28249332	0	100	0	0	3
65	7	0	1.625	492.409125	492.365554	492.301005	492.440712	0.139707168	2.28249332	0	100	0	0	3
66	7	0	1.65	492.344552	492.36674	492.301005	492.440712	0.139707168	2.28249332	0	100	0	0	3
67	7	0	1.675	492.430778	492.371952	492.301005	492.440712	0.125750604	2.28249332	0	100	0	0	3
68	7	0	1.7	492.383831	492.372828	492.301005	492.440712	0.0958228605	2.28249332	0	100	0	0	3
69	7	0	1.725	492.490007	492.378145	492.301005	492.490007	0.0680174046	2.28249332	0	100	0	0	3
