Iteration	CPUTime	PhysTime	Travels	Value	AvValue	MinValue	MaxValue	Delta	Criteria	Progress	CriteriaType	CriteriaVarType	CriteriaPercentage
1	1	0	0.025	223539.911	223539.911	223539.911	223539.911	0	0	0	0	0	0	3
2	1	0	0.05	162985.402	193262.657	162985.402	223539.911	30277.2548	0	0	0	0	0	3
3	1	0	0.075	125058.568	170527.96	125058.568	223539.911	53011.951	0	0	0	0	0	3
4	2	0	0.1	112492.527	156019.102	112492.527	223539.911	67520.8093	0	0	0	0	0	3
5	2	0	0.125	116997.92	148214.866	112492.527	223539.911	75325.0456	0	0	0	0	0	3
6	2	0	0.15	124079.714	144192.34	112492.527	223539.911	79347.571	0	0	0	0	0	3
7	2	0	0.175	129210.701	142052.106	112492.527	223539.911	81487.8052	0	0	0	0	0	3
8	2	0	0.2	130540.986	140613.216	112492.527	223539.911	82926.6952	0	0	0	0	0	3
9	2	0	0.225	131167.708	139563.715	112492.527	223539.911	83976.1961	0	0	0	0	0	3
10	2	0	0.25	132075.766	138814.92	112492.527	223539.911	84724.9911	0	0	0	0	0	3
11	2	0	0.275	138302.07	138768.297	112492.527	223539.911	84771.6138	0	0	0	0	0	3
12	2	0	0.3	141489.054	138995.027	112492.527	223539.911	84771.6138	0	0	0	0	0	3
13	2	0	0.325	143405.768	139334.315	112492.527	223539.911	84771.6138	0	0	0	0	0	3
14	2	0	0.35	144695.85	139717.282	112492.527	223539.911	84771.6138	0	0	0	0	0	3
15	2	0	0.375	145098.142	140076.006	112492.527	223539.911	84771.6138	0	0	0	0	0	3
16	3	0	0.4	146468.16	140475.515	112492.527	223539.911	84771.6138	0	0	0	0	0	3
17	3	0	0.425	147214.603	140871.932	112492.527	223539.911	84771.6138	0	0	0	0	0	3
18	3	0	0.45	149139.311	141331.231	112492.527	223539.911	84771.6138	0	0	0	0	0	3
19	3	0	0.475	150572.379	141817.607	112492.527	223539.911	84771.6138	0	0	0	0	0	3
20	3	0	0.5	151834.491	142318.452	112492.527	223539.911	84771.6138	0	0	0	0	0	3
21	3	0	0.525	153629.215	138822.917	112492.527	162985.402	50492.8747	0	0	0	0	0	3
22	3	0	0.55	156112.454	138479.269	112492.527	156112.454	32048.691	0	0	0	0	0	3
23	3	0	0.575	158049.566	140128.819	112492.527	158049.566	17539.8327	0	0	0	0	0	3
24	3	0	0.6	160282.218	142518.304	116997.92	160282.218	9735.59635	0	0	0	0	0	3
25	3	0	0.625	162248.657	144780.841	124079.714	162248.657	6301.57132	0	0	0	0	0	3
26	3	0	0.65	164802.278	146816.969	129210.701	164802.278	8337.69951	0	0	0	0	0	3
27	4	0	0.675	167261.048	148719.486	130540.986	167261.048	10240.2169	0	0	0	0	0	3
28	4	0	0.7	170177.801	150701.327	131167.708	170177.801	12222.0576	0	0	0	0	0	3
29	4	0	0.725	172858.75	152785.879	132075.766	172858.75	14306.6098	0	0	0	0	0	3
30	4	0	0.75	175170.539	154940.618	138302.07	175170.539	16461.3484	0	0	0	0	0	3
31	4	0	0.775	177062.264	156878.627	141489.054	177062.264	18399.3581	0	0	0	0	0	3
32	4	0	0.8	179285.26	158768.438	143405.768	179285.26	20289.1684	0	0	0	0	0	3
33	4	0	0.825	181144.961	160655.397	144695.85	181144.961	22176.128	0	0	0	0	0	3
34	4	0	0.85	182604.851	162550.847	145098.142	182604.851	24071.578	0	0	0	0	0	3
35	4	0	0.875	183724.938	164482.187	146468.16	183724.938	26002.9178	0	0	0	0	0	3
36	4	0	0.9	185032.487	166410.403	147214.603	185032.487	27931.1342	0	0	0	0	0	3
37	4	0	0.925	186177.617	168358.554	149139.311	186177.617	29879.2849	0	0	0	0	0	3
38	4	0	0.95	187490.854	170276.131	150572.379	187490.854	31796.8621	0	0	0	0	0	3
39	5	0	0.975	188684.892	172181.757	151834.491	188684.892	33702.4877	0	0	0	0	0	3
40	5	0	1	189745.26	174077.295	153629.215	189745.26	35598.0262	11587.9099	0	32.5	0	0	3
41	5	0	1.025	190560.579	175923.864	156112.454	190560.579	34448.1249	11710.2077	0	33.9	0	0	3
42	5	0	1.05	191512.945	177693.888	158049.566	191512.945	33463.3785	11781.6352	0	35.2	0	0	3
43	5	0	1.075	192428.828	179412.851	160282.218	192428.828	32146.6099	11851.2385	0	36.8	0	0	3
44	5	0	1.1	193218.413	180070.259	160282.218	193218.413	32936.1948	11746.6973	0	35.6	0	0	3
45	5	0	1.125	193822.529	181667.417	162248.657	193822.529	31573.872	11587.9099	0	36.7	0	0	3
46	5	0	1.15	194521.867	183204.236	164802.278	194521.867	29719.5892	11587.9099	0	38.9	0	0	3
47	5	0	1.175	195081.315	184646.095	167261.048	195081.315	27820.2669	11587.9099	0	41.6	0	0	3
48	5	0	1.2	195678.066	185999.286	170177.801	195678.066	25500.2649	11587.9099	0	45.4	0	0	3
49	5	0	1.225	196094.139	187233.398	172858.75	196094.139	23235.3883	11587.9099	0	49.8	0	0	3
50	6	0	1.25	196451.498	188356.862	175170.539	196451.498	21280.959	11587.9099	0	54.4	0	0	3
51	6	0	1.275	196743.097	189384.127	177062.264	196743.097	19680.8333	11587.9099	0	58.8	0	0	3
52	6	0	1.3	196928.696	190330.147	179285.26	196928.696	17643.4358	11587.9099	0	65.6	0	0	3
53	6	0	1.325	197073.615	191177.212	181144.961	197073.615	15928.654	11587.9099	0	72.7	0	0	3
54	6	0	1.35	197275.456	191945.331	182604.851	197275.456	14670.6052	11587.9099	0	78.9	0	0	3
55	6	0	1.375	197534.213	192656.253	183724.938	197534.213	13809.2748	11587.9099	0	83.9	0	0	3
56	6	0	1.4	197644.56	193319.092	185032.487	197644.56	12612.0732	11587.9099	0	91.8	0	0	3
57	6	0	1.425	197875.035	193930.642	186177.617	197875.035	11697.4179	11587.9099	0	99	0	0	3
58	6	0	1.45	197980.483	194492.683	187490.854	197980.483	10489.6289	11587.9099	0	100	0	0	3
59	6	0	1.475	198059.847	194995.968	188684.892	198059.847	9374.95496	11587.9099	0	100	0	0	3
60	6	0	1.5	198126.657	195445.576	189745.26	198126.657	8381.39735	11587.9099	0	100	0	0	3
61	6	0	1.525	198376.585	195856.592	190560.579	198376.585	7816.00657	11587.9099	0	100	0	0	3
62	7	0	1.55	198500.462	196234.681	191512.945	198500.462	6987.51669	11587.9099	0	100	0	0	3
63	7	0	1.575	198758.454	196579.705	192428.828	198758.454	6329.6259	11587.9099	0	100	0	0	3
64	7	0	1.6	198973.096	196891.337	193218.413	198973.096	5754.68317	11587.9099	0	100	0	0	3
65	7	0	1.625	199294.42	197180.671	193822.529	199294.42	5471.89105	11587.9099	0	100	0	0	3
66	7	0	1.65	199442.631	197448.295	194521.867	199442.631	4920.76467	11587.9099	0	100	0	0	3
67	7	0	1.675	199806.269	197699.933	195081.315	199806.269	4724.95384	11587.9099	0	100	0	0	3
68	7	0	1.7	200065.8	197937.289	195678.066	200065.8	4387.73484	11587.9099	0	100	0	0	3
69	7	0	1.725	200457.77	198164.894	196094.139	200457.77	4363.63133	11587.9099	0	100	0	0	3
