Iteration	CPUTime	PhysTime	Travels	Value	AvValue	MinValue	MaxValue	Delta	Criteria	Progress	CriteriaType	CriteriaVarType	CriteriaPercentage
1	1	0	0.025	1.21428119	1.21428119	1.21428119	1.21428119	0	0	0	0	0	0	3
2	1	0	0.05	1.236951	1.22561609	1.21428119	1.236951	0.0113349037	0	0	0	0	0	3
3	1	0	0.075	1.25219275	1.23447498	1.21428119	1.25219275	0.0201937906	0	0	0	0	0	3
4	2	0	0.1	1.26691385	1.2425847	1.21428119	1.26691385	0.0283035074	0	0	0	0	0	3
5	2	0	0.125	1.28030952	1.25012966	1.21428119	1.28030952	0.0358484718	0	0	0	0	0	3
6	2	0	0.15	1.30164136	1.25871494	1.21428119	1.30164136	0.0444337553	0	0	0	0	0	3
7	2	0	0.175	1.32237162	1.26780875	1.21428119	1.32237162	0.0535275662	0	0	0	0	0	3
8	2	0	0.2	1.34180384	1.27705814	1.21428119	1.34180384	0.0627769519	0	0	0	0	0	3
9	2	0	0.225	1.36139024	1.28642837	1.21428119	1.36139024	0.0721471848	0	0	0	0	0	3
10	2	0	0.25	1.38197964	1.2959835	1.21428119	1.38197964	0.0817023118	0	0	0	0	0	3
11	2	0	0.275	1.39281925	1.30478675	1.21428119	1.39281925	0.0905055619	0	0	0	0	0	3
12	2	0	0.3	1.40140172	1.312838	1.21428119	1.40140172	0.0985568093	0	0	0	0	0	3
13	2	0	0.325	1.40926279	1.32025529	1.21428119	1.40926279	0.105974101	0	0	0	0	0	3
14	2	0	0.35	1.40864991	1.32656919	1.21428119	1.40926279	0.112288002	0	0	0	0	0	3
15	2	0	0.375	1.40667275	1.33190943	1.21428119	1.40926279	0.11762824	0	0	0	0	0	3
16	3	0	0.4	1.39215504	1.33567478	1.21428119	1.40926279	0.12139359	0	0	0	0	0	3
17	3	0	0.425	1.37146843	1.33778029	1.21428119	1.40926279	0.123499099	0	0	0	0	0	3
18	3	0	0.45	1.33427144	1.33758535	1.21428119	1.40926279	0.123499099	0	0	0	0	0	3
19	3	0	0.475	1.28790392	1.33497054	1.21428119	1.40926279	0.123499099	0	0	0	0	0	3
20	3	0	0.5	1.22160175	1.3293021	1.21428119	1.40926279	0.123499099	0	0	0	0	0	3
21	3	0	0.525	1.09335621	1.32325585	1.09335621	1.40926279	0.112164195	0	0	0	0	0	3
22	3	0	0.55	0.913448875	1.30708074	0.913448875	1.40926279	0.103305308	0	0	0	0	0	3
23	3	0	0.575	0.686006304	1.27877142	0.686006304	1.40926279	0.0951955916	0	0	0	0	0	3
24	3	0	0.6	0.431287658	1.23699011	0.431287658	1.40926279	0.100790174	0	0	0	0	0	3
25	3	0	0.625	0.388996405	1.19242446	0.388996405	1.40926279	0.14535583	0	0	0	0	0	3
26	3	0	0.65	0.66697998	1.16069139	0.388996405	1.40926279	0.177088899	0	0	0	0	0	3
27	4	0	0.675	0.844650024	1.13680531	0.388996405	1.40926279	0.200974978	0	0	0	0	0	3
28	4	0	0.7	0.910422448	1.11523624	0.388996405	1.40926279	0.222544048	0	0	0	0	0	3
29	4	0	0.725	0.90308741	1.0923211	0.388996405	1.40926279	0.245459189	0	0	0	0	0	3
30	4	0	0.75	0.889072586	1.06767574	0.388996405	1.40926279	0.270104542	0	0	0	0	0	3
31	4	0	0.775	0.91142559	1.04360606	0.388996405	1.40926279	0.294174225	0	0	0	0	0	3
32	4	0	0.8	0.890648324	1.01806839	0.388996405	1.40926279	0.319711895	0	0	0	0	0	3
33	4	0	0.825	0.899368041	0.992573654	0.388996405	1.40864991	0.345206632	0	0	0	0	0	3
34	4	0	0.85	0.919328667	0.968107592	0.388996405	1.40667275	0.369672694	0	0	0	0	0	3
35	4	0	0.875	0.95654089	0.945601	0.388996405	1.39215504	0.392179287	0	0	0	0	0	3
36	4	0	0.9	0.996081044	0.9257973	0.388996405	1.37146843	0.411982987	0	0	0	0	0	3
37	4	0	0.925	1.02556771	0.908502264	0.388996405	1.33427144	0.429083087	0	0	0	0	0	3
38	4	0	0.95	1.0324346	0.893410422	0.388996405	1.28790392	0.441560116	0	0	0	0	0	3
39	5	0	0.975	1.03885933	0.880958193	0.388996405	1.22160175	0.448343906	0	0	0	0	0	3
40	5	0	1	1.03887919	0.871822064	0.388996405	1.09335621	0.451433786	0.153039958	0	33.9	0	0	3
41	5	0	1.025	1.05573157	0.869940832	0.388996405	1.05573157	0.437139912	0.153039958	0	35	0	0	3
42	5	0	1.05	1.05489444	0.87701311	0.388996405	1.05573157	0.40883059	0.153039958	0	37.4	0	0	3
43	5	0	1.075	1.06478958	0.895952274	0.388996405	1.06478958	0.367049281	0.153039958	0	41.6	0	0	3
44	5	0	1.1	1.06760675	0.904126297	0.388996405	1.06760675	0.367049281	0.153039958	0	41.6	0	0	3
45	5	0	1.125	1.07888089	0.93496407	0.388996405	1.07888089	0.322483625	0.153039958	0	47.4	0	0	3
46	5	0	1.15	1.089872	0.968339098	0.66697998	1.089872	0.290750556	0.153039958	0	52.6	0	0	3
47	5	0	1.175	1.10360721	0.989130871	0.844650024	1.10360721	0.258957186	0.153039958	0	59	0	0	3
48	5	0	1.2	1.12513296	1.0024872	0.889072586	1.12513296	0.23606037	0.153039958	0	64.8	0	0	3
49	5	0	1.225	1.13893956	1.01336897	0.889072586	1.13893956	0.222380265	0.153039958	0	68.8	0	0	3
50	6	0	1.25	1.15074982	1.02516242	0.889072586	1.15074982	0.197734913	0.153039958	0	77.3	0	0	3
51	6	0	1.275	1.14971934	1.03757417	0.890648324	1.15074982	0.17366523	0.153039958	0	88.1	0	0	3
52	6	0	1.3	1.14027503	1.04847176	0.890648324	1.15074982	0.178530927	0.153039958	0	85.7	0	0	3
53	6	0	1.325	1.12593571	1.05967592	0.899368041	1.15074982	0.189735088	0.153039958	0	80.6	0	0	3
54	6	0	1.35	1.11110509	1.06975864	0.919328667	1.15074982	0.199817805	0.153039958	0	76.5	0	0	3
55	6	0	1.375	1.09051241	1.07791024	0.95654089	1.15074982	0.194208931	0.153039958	0	78.8	0	0	3
56	6	0	1.4	1.07787784	1.08368819	0.996081044	1.15074982	0.154668778	0.153039958	0	98.9	0	0	3
57	6	0	1.425	1.06519402	1.08697929	1.02556771	1.15074982	0.125182113	0.153039958	0	100	0	0	3
58	6	0	1.45	1.05922259	1.0885819	1.0324346	1.15074982	0.118315218	0.153039958	0	100	0	0	3
59	6	0	1.475	1.05246721	1.08953583	1.03885933	1.15074982	0.111890493	0.153039958	0	100	0	0	3
60	6	0	1.5	1.052772	1.09019834	1.03887919	1.15074982	0.111870636	0.153039958	0	100	0	0	3
61	6	0	1.525	1.04703861	1.09058689	1.04703861	1.15074982	0.103711211	0.153039958	0	100	0	0	3
62	7	0	1.55	1.04578218	1.09011311	1.04578218	1.15074982	0.104967646	0.153039958	0	100	0	0	3
63	7	0	1.575	1.04682356	1.08972878	1.04578218	1.15074982	0.104967646	0.153039958	0	100	0	0	3
64	7	0	1.6	1.04838808	1.08894775	1.04578218	1.15074982	0.104967646	0.153039958	0	100	0	0	3
65	7	0	1.625	1.04881288	1.08805281	1.04578218	1.15074982	0.104967646	0.153039958	0	100	0	0	3
66	7	0	1.65	1.05420008	1.08687753	1.04578218	1.15074982	0.104967646	0.153039958	0	100	0	0	3
67	7	0	1.675	1.05416129	1.08517702	1.04578218	1.15074982	0.101456016	0.153039958	0	100	0	0	3
68	7	0	1.7	1.0576301	1.08298764	1.04578218	1.15074982	0.0880996859	0.153039958	0	100	0	0	3
69	7	0	1.725	1.06011623	1.0798916	1.04578218	1.15074982	0.0772179186	0.153039958	0	100	0	0	3
