Iteration	CPUTime	PhysTime	Travels	Value	AvValue	MinValue	MaxValue	Delta	Criteria	Progress	CriteriaType	CriteriaVarType	CriteriaPercentage
1	1	0	0.025	0.965258924	0.965258924	0.965258924	0.965258924	0	0	0	0	0	0	3
2	1	0	0.05	0.968966737	0.96711283	0.965258924	0.968966737	0.00185390652	0	0	0	0	0	3
3	1	0	0.075	0.970092727	0.968106129	0.965258924	0.970092727	0.00284720546	0	0	0	0	0	3
4	2	0	0.1	0.975090661	0.969852262	0.965258924	0.975090661	0.0045933383	0	0	0	0	0	3
5	2	0	0.125	0.975201643	0.970922138	0.965258924	0.975201643	0.00566321442	0	0	0	0	0	3
6	2	0	0.15	0.977308814	0.971986584	0.965258924	0.977308814	0.00672766046	0	0	0	0	0	3
7	2	0	0.175	0.977448355	0.972766837	0.965258924	0.977448355	0.00750791348	0	0	0	0	0	3
8	2	0	0.2	0.978350237	0.973464762	0.965258924	0.978350237	0.00820583845	0	0	0	0	0	3
9	2	0	0.225	0.978862089	0.974064465	0.965258924	0.978862089	0.00880554145	0	0	0	0	0	3
10	2	0	0.25	0.979223992	0.974580418	0.965258924	0.979223992	0.00932149414	0	0	0	0	0	3
11	2	0	0.275	0.979589552	0.975035794	0.965258924	0.979589552	0.00977686992	0	0	0	0	0	3
12	2	0	0.3	0.980268931	0.975471888	0.965258924	0.980268931	0.0102129647	0	0	0	0	0	3
13	2	0	0.325	0.980655178	0.975870603	0.965258924	0.980655178	0.0106116793	0	0	0	0	0	3
14	2	0	0.35	0.981318944	0.97625977	0.965258924	0.981318944	0.0110008464	0	0	0	0	0	3
15	2	0	0.375	0.981972839	0.976640641	0.965258924	0.981972839	0.0113817177	0	0	0	0	0	3
16	3	0	0.4	0.982598491	0.977013007	0.965258924	0.982598491	0.0117540833	0	0	0	0	0	3
17	3	0	0.425	0.983568376	0.977398617	0.965258924	0.983568376	0.0121396932	0	0	0	0	0	3
18	3	0	0.45	0.98407924	0.977769763	0.965258924	0.98407924	0.0125108389	0	0	0	0	0	3
19	3	0	0.475	0.984593142	0.978128888	0.965258924	0.984593142	0.0128699642	0	0	0	0	0	3
20	3	0	0.5	0.985079479	0.978476417	0.965258924	0.985079479	0.0132174937	0	0	0	0	0	3
21	3	0	0.525	0.985832845	0.979505114	0.968966737	0.985832845	0.0123922833	0	0	0	0	0	3
22	3	0	0.55	0.986227833	0.980368168	0.970092727	0.986227833	0.0122620392	0	0	0	0	0	3
23	3	0	0.575	0.986965756	0.98121182	0.975090661	0.986965756	0.0113595577	0	0	0	0	0	3
24	3	0	0.6	0.987168368	0.981815705	0.975201643	0.987168368	0.010893567	0	0	0	0	0	3
25	3	0	0.625	0.987665773	0.982438912	0.977308814	0.987665773	0.0103569589	0	0	0	0	0	3
26	3	0	0.65	0.98793585	0.982970263	0.977448355	0.98793585	0.0102034262	0	0	0	0	0	3
27	4	0	0.675	0.98843212	0.983519452	0.978350237	0.98843212	0.0100546895	0	0	0	0	0	3
28	4	0	0.7	0.988415618	0.984022721	0.978862089	0.98843212	0.009570031	0	0	0	0	0	3
29	4	0	0.725	0.98881795	0.984520514	0.979223992	0.98881795	0.00959395801	0	0	0	0	0	3
30	4	0	0.75	0.988683655	0.984993497	0.979589552	0.98881795	0.00922839864	0	0	0	0	0	3
31	4	0	0.775	0.98906919	0.985467479	0.980268931	0.98906919	0.008800259	0	0	0	0	0	3
32	4	0	0.8	0.989064273	0.985907246	0.980655178	0.98906919	0.00841401243	0	0	0	0	0	3
33	4	0	0.825	0.989121366	0.986330555	0.981318944	0.989121366	0.00780242198	0	0	0	0	0	3
34	4	0	0.85	0.989195651	0.986724391	0.981972839	0.989195651	0.00722281207	0	0	0	0	0	3
35	4	0	0.875	0.989028928	0.987077195	0.982598491	0.989195651	0.00659715937	0	0	0	0	0	3
36	4	0	0.9	0.989153311	0.987404936	0.983568376	0.989195651	0.0056272744	0	0	0	0	0	3
37	4	0	0.925	0.989018909	0.987677463	0.98407924	0.989195651	0.00511641097	0	0	0	0	0	3
38	4	0	0.95	0.989238454	0.987935424	0.984593142	0.989238454	0.0046453123	0	0	0	0	0	3
39	5	0	0.975	0.988968536	0.988154193	0.985079479	0.989238454	0.00415897526	0	0	0	0	0	3
40	5	0	1	0.989029952	0.988351717	0.985832845	0.989238454	0.00340560955	0.0028718591	0	84.3	0	0	3
41	5	0	1.025	0.988887775	0.988504463	0.986227833	0.989238454	0.00301062093	0.0028718591	0	95.3	0	0	3
42	5	0	1.05	0.98912125	0.988649134	0.986965756	0.989238454	0.00227269888	0.0028718591	0	100	0	0	3
43	5	0	1.075	0.989046545	0.988753174	0.987168368	0.989238454	0.00207008646	0.0028718591	0	100	0	0	3
44	5	0	1.1	0.988998176	0.988764841	0.987168368	0.989238454	0.00207008646	0.0028718591	0	100	0	0	3
45	5	0	1.125	0.989034104	0.988853685	0.987665773	0.989238454	0.00157268111	0.0028718591	0	100	0	0	3
46	5	0	1.15	0.989031728	0.988918731	0.98793585	0.989238454	0.00130260483	0.0028718591	0	100	0	0	3
47	5	0	1.175	0.989075401	0.988972995	0.988415618	0.989238454	0.000822836299	0.0028718591	0	100	0	0	3
48	5	0	1.2	0.98908775	0.989004215	0.988415618	0.989238454	0.000822836299	0.0028718591	0	100	0	0	3
49	5	0	1.225	0.989112793	0.989037414	0.988683655	0.989238454	0.000554798996	0.0028718591	0	100	0	0	3
50	6	0	1.25	0.989118667	0.989051734	0.988683655	0.989238454	0.000554798996	0.0028718591	0	100	0	0	3
51	6	0	1.275	0.989149439	0.989073914	0.988887775	0.989238454	0.000350679131	0.0028718591	0	100	0	0	3
52	6	0	1.3	0.989123203	0.989076486	0.988887775	0.989238454	0.000350679131	0.0028718591	0	100	0	0	3
53	6	0	1.325	0.989130914	0.98907966	0.988887775	0.989238454	0.000350679131	0.0028718591	0	100	0	0	3
54	6	0	1.35	0.989012238	0.989074463	0.988887775	0.989238454	0.000350679131	0.0028718591	0	100	0	0	3
55	6	0	1.375	0.989100698	0.989069941	0.988887775	0.989238454	0.000350679131	0.0028718591	0	100	0	0	3
56	6	0	1.4	0.989011687	0.98906912	0.988887775	0.989238454	0.000350679131	0.0028718591	0	100	0	0	3
57	6	0	1.425	0.989084648	0.989065851	0.988887775	0.989238454	0.000350679131	0.0028718591	0	100	0	0	3
58	6	0	1.45	0.989007176	0.989065292	0.988887775	0.989238454	0.000350679131	0.0028718591	0	100	0	0	3
59	6	0	1.475	0.989078276	0.989057665	0.988887775	0.989149439	0.000261663655	0.0028718591	0	100	0	0	3
60	6	0	1.5	0.989004965	0.989059399	0.988887775	0.989149439	0.000261663655	0.0028718591	0	100	0	0	3
61	6	0	1.525	0.989075905	0.989061587	0.988887775	0.989149439	0.000261663655	0.0028718591	0	100	0	0	3
62	7	0	1.55	0.989020825	0.989067923	0.988998176	0.989149439	0.000151263277	0.0028718591	0	100	0	0	3
63	7	0	1.575	0.989077991	0.989065863	0.988998176	0.989149439	0.000151263277	0.0028718591	0	100	0	0	3
64	7	0	1.6	0.989033464	0.98906524	0.988998176	0.989149439	0.000151263277	0.0028718591	0	100	0	0	3
65	7	0	1.625	0.989105857	0.989070368	0.989004965	0.989149439	0.000144473737	0.0028718591	0	100	0	0	3
66	7	0	1.65	0.989048887	0.989071072	0.989004965	0.989149439	0.000144473737	0.0028718591	0	100	0	0	3
67	7	0	1.675	0.989128394	0.989075675	0.989004965	0.989149439	0.000106664695	0.0028718591	0	100	0	0	3
68	7	0	1.7	0.989089966	0.989076369	0.989004965	0.989149439	7.54442041e-05	0.0028718591	0	100	0	0	3
69	7	0	1.725	0.989191516	0.98908131	0.989004965	0.989191516	4.38956408e-05	0.0028718591	0	100	0	0	3
