Iteration	CPUTime	PhysTime	Travels	Value	AvValue	MinValue	MaxValue	Delta	Criteria	Progress	CriteriaType	CriteriaVarType	CriteriaPercentage
1	1	0	0.025	4.62010038e-05	4.62010038e-05	4.62010038e-05	4.62010038e-05	0	0	0	0	0	0	3
2	1	0	0.05	-4.99490558e-06	2.06030491e-05	-4.99490558e-06	4.62010038e-05	2.55979547e-05	0	0	0	0	0	3
3	1	0	0.075	-2.5095192e-06	1.28988597e-05	-4.99490558e-06	4.62010038e-05	3.33021441e-05	0	0	0	0	0	3
4	2	0	0.1	-2.67345179e-06	9.00578179e-06	-4.99490558e-06	4.62010038e-05	3.7195222e-05	0	0	0	0	0	3
5	2	0	0.125	-3.02462519e-06	6.5997004e-06	-4.99490558e-06	4.62010038e-05	3.96013034e-05	0	0	0	0	0	3
6	2	0	0.15	2.11641065e-06	5.85248544e-06	-4.99490558e-06	4.62010038e-05	4.03485183e-05	0	0	0	0	0	3
7	2	0	0.175	2.13892211e-06	5.32197639e-06	-4.99490558e-06	4.62010038e-05	4.08790274e-05	0	0	0	0	0	3
8	2	0	0.2	1.83432585e-06	4.88602007e-06	-4.99490558e-06	4.62010038e-05	4.13149837e-05	0	0	0	0	0	3
9	2	0	0.225	2.05697182e-06	4.57168138e-06	-4.99490558e-06	4.62010038e-05	4.16293224e-05	0	0	0	0	0	3
10	2	0	0.25	3.51910867e-06	4.46642411e-06	-4.99490558e-06	4.62010038e-05	4.17345796e-05	0	0	0	0	0	3
11	2	0	0.275	1.0773221e-05	5.03976928e-06	-4.99490558e-06	4.62010038e-05	4.17345796e-05	0	0	0	0	0	3
12	2	0	0.3	2.70210176e-05	6.87153997e-06	-4.99490558e-06	4.62010038e-05	4.17345796e-05	0	0	0	0	0	3
13	2	0	0.325	1.88914607e-05	7.79614926e-06	-4.99490558e-06	4.62010038e-05	4.17345796e-05	0	0	0	0	0	3
14	2	0	0.35	-1.49254078e-06	7.1326714e-06	-4.99490558e-06	4.62010038e-05	4.17345796e-05	0	0	0	0	0	3
15	2	0	0.375	-9.26934184e-06	6.03920385e-06	-9.26934184e-06	4.62010038e-05	4.17345796e-05	0	0	0	0	0	3
16	3	0	0.4	-3.18765451e-05	3.66946954e-06	-3.18765451e-05	4.62010038e-05	4.25315342e-05	0	0	0	0	0	3
17	3	0	0.425	-1.65623567e-05	2.47936211e-06	-3.18765451e-05	4.62010038e-05	4.37216416e-05	0	0	0	0	0	3
18	3	0	0.45	-2.01474543e-05	1.22231676e-06	-3.18765451e-05	4.62010038e-05	4.4978687e-05	0	0	0	0	0	3
19	3	0	0.475	-5.11774345e-06	8.88629379e-07	-3.18765451e-05	4.62010038e-05	4.53123744e-05	0	0	0	0	0	3
20	3	0	0.5	-7.33008066e-06	4.77693877e-07	-3.18765451e-05	4.62010038e-05	4.57233099e-05	0	0	0	0	0	3
21	3	0	0.525	-5.09310992e-06	-2.08701181e-06	-3.18765451e-05	2.70210176e-05	2.26900609e-05	0	0	0	0	0	3
22	3	0	0.55	-4.53753537e-06	-2.0641433e-06	-3.18765451e-05	2.70210176e-05	1.49858715e-05	0	0	0	0	0	3
23	3	0	0.575	-5.7667241e-06	-2.22700354e-06	-3.18765451e-05	2.70210176e-05	1.12327853e-05	0	0	0	0	0	3
24	3	0	0.6	-6.67497932e-06	-2.42707992e-06	-3.18765451e-05	2.70210176e-05	1.02232292e-05	0	0	0	0	0	3
25	3	0	0.625	-3.20426657e-06	-2.43606199e-06	-3.18765451e-05	2.70210176e-05	1.02322112e-05	0	0	0	0	0	3
26	3	0	0.65	-1.15580904e-06	-2.59967297e-06	-3.18765451e-05	2.70210176e-05	1.03958222e-05	0	0	0	0	0	3
27	4	0	0.675	1.91523715e-05	-1.7490005e-06	-3.18765451e-05	2.70210176e-05	1.03958222e-05	0	0	0	0	0	3
28	4	0	0.7	2.78486496e-05	-4.48284313e-07	-3.18765451e-05	2.78486496e-05	1.03958222e-05	0	0	0	0	0	3
29	4	0	0.725	7.34599465e-06	-1.83833171e-07	-3.18765451e-05	2.78486496e-05	1.03958222e-05	0	0	0	0	0	3
30	4	0	0.75	7.88250297e-06	3.43365436e-08	-3.18765451e-05	2.78486496e-05	1.03958222e-05	0	0	0	0	0	3
31	4	0	0.775	1.94966477e-05	4.70507877e-07	-3.18765451e-05	2.78486496e-05	1.03958222e-05	0	0	0	0	0	3
32	4	0	0.8	4.67955235e-05	1.45923317e-06	-3.18765451e-05	4.67955235e-05	1.03958222e-05	0	0	0	0	0	3
33	4	0	0.825	1.03235839e-05	1.03083933e-06	-3.18765451e-05	4.67955235e-05	9.73234437e-06	0	0	0	0	0	3
34	4	0	0.85	-3.54017536e-06	9.28457602e-07	-3.18765451e-05	4.67955235e-05	8.63887682e-06	0	0	0	0	0	3
35	4	0	0.875	9.57189774e-06	1.87051958e-06	-3.18765451e-05	4.67955235e-05	6.26914251e-06	0	0	0	0	0	3
36	4	0	0.9	-6.00463283e-06	3.1641152e-06	-2.01474543e-05	4.67955235e-05	5.76378817e-06	0	0	0	0	0	3
37	4	0	0.925	-5.91466363e-06	3.69649985e-06	-2.01474543e-05	4.67955235e-05	6.29617282e-06	0	0	0	0	0	3
38	4	0	0.95	-5.75881289e-06	4.41593192e-06	-7.33008066e-06	4.67955235e-05	7.01560489e-06	0	0	0	0	0	3
39	5	0	0.975	-3.09701952e-06	4.51696812e-06	-7.33008066e-06	4.67955235e-05	7.11664109e-06	0	0	0	0	0	3
40	5	0	1	2.75039881e-06	5.02099209e-06	-6.67497932e-06	4.67955235e-05	7.62066506e-06	0.0356067677	0	0	0	0	3
41	5	0	1.025	4.79106776e-06	5.51520097e-06	-6.67497932e-06	4.67955235e-05	8.11487395e-06	0.0341468745	0	0	0	0	3
42	5	0	1.05	-1.28563167e-05	5.09926191e-06	-1.28563167e-05	4.67955235e-05	8.11487395e-06	0.0354300303	0	0	0	0	3
43	5	0	1.075	9.29282372e-06	5.8522393e-06	-1.28563167e-05	4.67955235e-05	8.45191227e-06	0.0350213482	0	0	0	0	3
44	5	0	1.1	2.54490328e-06	5.69474711e-06	-1.28563167e-05	4.67955235e-05	8.45191227e-06	0.0348560285	0	0	0	0	3
45	5	0	1.125	-1.72712758e-05	5.19016156e-06	-1.72712758e-05	4.67955235e-05	8.45191227e-06	0.0353190391	0	0	0	0	3
46	5	0	1.15	-1.02162602e-05	4.8562571e-06	-1.72712758e-05	4.67955235e-05	8.45191227e-06	0.0360692233	0	0	0	0	3
47	5	0	1.175	-3.83669756e-06	4.72859574e-06	-1.72712758e-05	4.67955235e-05	7.6012398e-06	0.0354797472	0	0	0	0	3
48	5	0	1.2	1.15709654e-05	4.3675764e-06	-1.72712758e-05	4.67955235e-05	6.30052361e-06	0.0353690048	0	0	0	0	3
49	5	0	1.225	2.21698325e-05	4.09715654e-06	-1.72712758e-05	4.67955235e-05	6.03607247e-06	0.0355775182	0	0	0	0	3
50	6	0	1.25	1.31176699e-05	4.37199822e-06	-1.72712758e-05	4.67955235e-05	5.81790275e-06	0.0359760953	0	0	0	0	3
51	6	0	1.275	2.08480294e-05	4.98940424e-06	-1.72712758e-05	4.67955235e-05	5.38173142e-06	0.0360167198	0	0	0	0	3
52	6	0	1.3	1.02393429e-05	4.5485802e-06	-1.72712758e-05	4.67955235e-05	4.92378169e-06	0.036063815	0	0	0	0	3
53	6	0	1.325	5.32507865e-06	2.57379712e-06	-1.72712758e-05	2.21698325e-05	4.92378169e-06	0.0361611859	0	0	0	0	3
54	6	0	1.35	-3.60234744e-05	3.66794342e-07	-3.60234744e-05	2.21698325e-05	5.48544496e-06	0.0359366306	0	0	0	0	3
55	6	0	1.375	-5.09472514e-05	-1.89068547e-06	-5.09472514e-05	2.21698325e-05	7.74292477e-06	0.0368111343	0	0	0	0	3
56	6	0	1.4	7.19684939e-06	-2.00378301e-06	-5.09472514e-05	2.21698325e-05	7.85602231e-06	0.0367960168	0	0	0	0	3
57	6	0	1.425	-7.86578631e-06	-2.09240937e-06	-5.09472514e-05	2.21698325e-05	7.94464866e-06	0.0368549597	0	0	0	0	3
58	6	0	1.45	7.1383205e-06	-1.47083869e-06	-5.09472514e-05	2.21698325e-05	7.94464866e-06	0.0368394758	0	0	0	0	3
59	6	0	1.475	1.19229743e-06	-1.13983344e-06	-5.09472514e-05	2.21698325e-05	7.94464866e-06	0.0368683105	0	0	0	0	3
60	6	0	1.5	3.79507997e-06	-8.11638226e-07	-5.09472514e-05	2.21698325e-05	7.94464866e-06	0.0369240133	0	0	0	0	3
61	6	0	1.525	-9.29111207e-06	-1.38504351e-06	-5.09472514e-05	2.21698325e-05	7.94464866e-06	0.0369725006	0	0	0	0	3
62	7	0	1.55	1.17766706e-05	-1.05239575e-06	-5.09472514e-05	2.21698325e-05	7.94464866e-06	0.0369204058	0	0	0	0	3
63	7	0	1.575	1.01811073e-05	4.46244409e-08	-5.09472514e-05	2.21698325e-05	7.94464866e-06	0.0368545857	0	0	0	0	3
64	7	0	1.6	1.23010034e-06	-3.39314768e-07	-5.09472514e-05	2.21698325e-05	7.78715647e-06	0.0359973178	0	0	0	0	3
65	7	0	1.625	-1.95161451e-05	-1.38984088e-06	-5.09472514e-05	2.21698325e-05	7.28257092e-06	0.036833655	0	0	0	0	3
66	7	0	1.65	4.18856004e-06	-3.67943934e-07	-5.09472514e-05	2.21698325e-05	7.08181361e-06	0.0366081063	0	0	0	0	3
67	7	0	1.675	6.0098138e-07	1.47162807e-07	-5.09472514e-05	2.21698325e-05	7.08181361e-06	0.0368567476	0	0	0	0	3
68	7	0	1.7	4.73320264e-06	5.55253293e-07	-5.09472514e-05	2.21698325e-05	7.08181361e-06	0.0368516931	0	0	0	0	3
69	7	0	1.725	-1.56423727e-06	-7.02325475e-08	-5.09472514e-05	2.21698325e-05	7.08181361e-06	0.0360114726	0	0	0	0	3
