Iteration	CPUTime	PhysTime	Travels	Value	AvValue	MinValue	MaxValue	Delta	Criteria	Progress	CriteriaType	CriteriaVarType	CriteriaPercentage
1	1	0	0.025	293.199983	293.199983	293.199983	293.199983	0	0	0	0	0	0	3
2	1	0	0.05	293.200003	293.199993	293.199983	293.200003	9.65302462e-06	0	0	0	0	0	3
3	1	0	0.075	293.200039	293.200008	293.199983	293.200039	2.49813141e-05	0	0	0	0	0	3
4	2	0	0.1	293.200091	293.200029	293.199983	293.200091	4.55941295e-05	0	0	0	0	0	3
5	2	0	0.125	293.20015	293.200053	293.199983	293.20015	6.98413292e-05	0	0	0	0	0	3
6	2	0	0.15	293.200245	293.200085	293.199983	293.200245	0.000101751098	0	0	0	0	0	3
7	2	0	0.175	293.200342	293.200122	293.199983	293.200342	0.000138376065	0	0	0	0	0	3
8	2	0	0.2	293.200448	293.200163	293.199983	293.200448	0.000179089181	0	0	0	0	0	3
9	2	0	0.225	293.200564	293.200207	293.199983	293.200564	0.000223670573	0	0	0	0	0	3
10	2	0	0.25	293.20069	293.200255	293.199983	293.20069	0.000271919629	0	0	0	0	0	3
11	2	0	0.275	293.200898	293.200314	293.199983	293.200898	0.000330335296	0	0	0	0	0	3
12	2	0	0.3	293.200742	293.200349	293.199983	293.200898	0.000366062035	0	0	0	0	0	3
13	2	0	0.325	293.200725	293.200378	293.199983	293.200898	0.0003949104	0	0	0	0	0	3
14	2	0	0.35	293.200762	293.200406	293.199983	293.200898	0.000422283514	0	0	0	0	0	3
15	2	0	0.375	293.200884	293.200438	293.199983	293.200898	0.000454173799	0	0	0	0	0	3
16	3	0	0.4	293.200976	293.200471	293.199983	293.200976	0.000487852742	0	0	0	0	0	3
17	3	0	0.425	293.201136	293.20051	293.199983	293.201136	0.000526980113	0	0	0	0	0	3
18	3	0	0.45	293.201189	293.200548	293.199983	293.201189	0.000564666465	0	0	0	0	0	3
19	3	0	0.475	293.201317	293.200589	293.199983	293.201317	0.000605113008	0	0	0	0	0	3
20	3	0	0.5	293.201484	293.200633	293.199983	293.201484	0.000649907659	0	0	0	0	0	3
21	3	0	0.525	293.201733	293.200721	293.200003	293.201733	0.000727730911	0	0	0	0	0	3
22	3	0	0.55	293.201854	293.200813	293.200039	293.201854	0.000804956329	0	0	0	0	0	3
23	3	0	0.575	293.201905	293.200907	293.200091	293.201905	0.000877617455	0	0	0	0	0	3
24	3	0	0.6	293.201754	293.20099	293.20015	293.201905	0.000936533667	0	0	0	0	0	3
25	3	0	0.625	293.201483	293.201056	293.200245	293.201905	0.000971251429	0	0	0	0	0	3
26	3	0	0.65	293.201024	293.201095	293.200342	293.201905	0.000973608188	0	0	0	0	0	3
27	4	0	0.675	293.200694	293.201113	293.200448	293.201905	0.000950526703	0	0	0	0	0	3
28	4	0	0.7	293.2005	293.201116	293.2005	293.201905	0.000908560166	0	0	0	0	0	3
29	4	0	0.725	293.200459	293.20111	293.200459	293.201905	0.00086031111	0	0	0	0	0	3
30	4	0	0.75	293.200493	293.201101	293.200459	293.201905	0.000801895442	0	0	0	0	0	3
31	4	0	0.775	293.200661	293.201089	293.200459	293.201905	0.000766168703	0	0	0	0	0	3
32	4	0	0.8	293.200724	293.201088	293.200459	293.201905	0.000737320338	0	0	0	0	0	3
33	4	0	0.825	293.200793	293.201091	293.200459	293.201905	0.000709947225	0	0	0	0	0	3
34	4	0	0.85	293.200894	293.201098	293.200459	293.201905	0.00067805694	0	0	0	0	0	3
35	4	0	0.875	293.201022	293.201105	293.200459	293.201905	0.000644377997	0	0	0	0	0	3
36	4	0	0.9	293.20124	293.201118	293.200459	293.201905	0.000607530643	0	0	0	0	0	3
37	4	0	0.925	293.201444	293.201133	293.200459	293.201905	0.000585204265	0	0	0	0	0	3
38	4	0	0.95	293.201609	293.201154	293.200459	293.201905	0.000565759012	0	0	0	0	0	3
39	5	0	0.975	293.201768	293.201177	293.200459	293.201905	0.000543531807	0	0	0	0	0	3
40	5	0	1	293.201926	293.201199	293.200459	293.201926	0.000478138661	0.000283054613	0	0	0	0	3
41	5	0	1.025	293.202185	293.201222	293.200459	293.202185	0.000408164462	0.000321821669	0	0	0	0	3
42	5	0	1.05	293.202391	293.201248	293.200459	293.202391	0.000341765833	0.000337329476	0	0	0	0	3
43	5	0	1.075	293.20256	293.201281	293.200459	293.20256	0.000291381136	0.00034834924	0	0	0	0	3
44	5	0	1.1	293.2027	293.201349	293.200459	293.2027	0.000358931412	0.000356867497	0	0	0	0	3
45	5	0	1.125	293.202818	293.201399	293.200459	293.202818	0.000342987643	0.000362706793	0	0	0	0	3
46	5	0	1.15	293.202896	293.201467	293.200459	293.202896	0.000378874229	0.00036853901	0	0	0	0	3
47	5	0	1.175	293.202954	293.201559	293.200459	293.202954	0.000470754757	0.00037186843	0	0	0	0	3
48	5	0	1.2	293.20299	293.201668	293.200459	293.20299	0.000580083607	0.000373058314	0	0	0	0	3
49	5	0	1.225	293.203033	293.201789	293.200459	293.203033	0.000700689672	0.000374498689	0	0	0	0	3
50	6	0	1.25	293.203073	293.201913	293.200493	293.203073	0.000825143857	0.000376251889	0	0	0	0	3
51	6	0	1.275	293.20311	293.202038	293.200661	293.20311	0.000949756845	0.000378201469	0	0	0	0	3
52	6	0	1.3	293.203148	293.202156	293.200724	293.203148	0.00106819944	0.000380297012	0	0	0	0	3
53	6	0	1.325	293.203179	293.202273	293.200793	293.203179	0.00118167786	0.000382425375	0	0	0	0	3
54	6	0	1.35	293.203199	293.202388	293.200894	293.203199	0.00128966302	0.000384471004	0	0	0	0	3
55	6	0	1.375	293.203224	293.202499	293.201022	293.203224	0.00139373791	0.000386492951	0	0	0	0	3
56	6	0	1.4	293.203252	293.202605	293.20124	293.203252	0.00148674599	0.000388518047	0	0	0	0	3
57	6	0	1.425	293.203262	293.202701	293.201444	293.203262	0.00156766515	0.000390392776	0	0	0	0	3
58	6	0	1.45	293.203271	293.202788	293.201609	293.203271	0.00163365942	0.000392133429	0	0	0	0	3
59	6	0	1.475	293.203273	293.202867	293.201768	293.203273	0.00150502094	0.000393709773	0	0	0	0	3
60	6	0	1.5	293.203265	293.202938	293.201926	293.203273	0.00134685199	0.000395128483	0	0	0	0	3
61	6	0	1.525	293.203245	293.203001	293.202185	293.203273	0.00108840495	0.000396412078	0	0	0	0	3
62	7	0	1.55	293.203239	293.203052	293.202391	293.203273	0.000881634194	0.000397578982	0	0	0	0	3
63	7	0	1.575	293.203223	293.203091	293.20256	293.203273	0.000712829615	0.000398644416	0	0	0	0	3
64	7	0	1.6	293.203211	293.203122	293.2027	293.203273	0.000573208717	0.000399621065	0	0	0	0	3
65	7	0	1.625	293.203197	293.203146	293.202818	293.203273	0.000454460852	0.000400519581	0	0	0	0	3
66	7	0	1.65	293.203194	293.203164	293.202896	293.203273	0.00037688676	0.000401348981	0	0	0	0	3
67	7	0	1.675	293.203172	293.203177	293.202954	293.203273	0.00031909507	0.000402116943	0	0	0	0	3
68	7	0	1.7	293.203161	293.203187	293.20299	293.203273	0.00028285631	0.000402830051	0	0	0	0	3
69	7	0	1.725	293.203135	293.203194	293.203033	293.203273	0.000240415199	0.00040349398	0	0	0	0	3
