Iteration	CPUTime	PhysTime	Travels	Value	AvValue	MinValue	MaxValue	Delta	Criteria	Progress	CriteriaType	CriteriaVarType	CriteriaPercentage
1	1	0	0.025	0.510855774	0.510855774	0.510855774	0.510855774	0	0	0	0	0	0	3
2	1	0	0.05	0.510855774	0.510855774	0.510855774	0.510855774	0	0	0	0	0	0	3
3	1	0	0.075	0.510855774	0.510855774	0.510855774	0.510855774	0	0	0	0	0	0	3
4	2	0	0.1	0.510855774	0.510855774	0.510855774	0.510855774	0	0	0	0	0	0	3
5	2	0	0.125	0.510855774	0.510855774	0.510855774	0.510855774	0	0	0	0	0	0	3
6	2	0	0.15	0.510855774	0.510855774	0.510855774	0.510855774	0	0	0	0	0	0	3
7	2	0	0.175	0.510855774	0.510855774	0.510855774	0.510855774	0	0	0	0	0	0	3
8	2	0	0.2	0.510855774	0.510855774	0.510855774	0.510855774	0	0	0	0	0	0	3
9	2	0	0.225	0.510855774	0.510855774	0.510855774	0.510855774	0	0	0	0	0	0	3
10	2	0	0.25	0.510855774	0.510855774	0.510855774	0.510855774	0	0	0	0	0	0	3
11	2	0	0.275	0.510855774	0.510855774	0.510855774	0.510855774	0	0	0	0	0	0	3
12	2	0	0.3	0.510855774	0.510855774	0.510855774	0.510855774	0	0	0	0	0	0	3
13	2	0	0.325	0.510855774	0.510855774	0.510855774	0.510855774	0	0	0	0	0	0	3
14	2	0	0.35	0.510855774	0.510855774	0.510855774	0.510855774	0	0	0	0	0	0	3
15	2	0	0.375	0.510855774	0.510855774	0.510855774	0.510855774	0	0	0	0	0	0	3
16	3	0	0.4	0.510855774	0.510855774	0.510855774	0.510855774	0	0	0	0	0	0	3
17	3	0	0.425	0.510855774	0.510855774	0.510855774	0.510855774	0	0	0	0	0	0	3
18	3	0	0.45	0.510855774	0.510855774	0.510855774	0.510855774	0	0	0	0	0	0	3
19	3	0	0.475	0.510855774	0.510855774	0.510855774	0.510855774	0	0	0	0	0	0	3
20	3	0	0.5	0.510855774	0.510855774	0.510855774	0.510855774	0	0	0	0	0	0	3
21	3	0	0.525	0.510855774	0.510855774	0.510855774	0.510855774	0	0	0	0	0	0	3
22	3	0	0.55	0.510855774	0.510855774	0.510855774	0.510855774	0	0	0	0	0	0	3
23	3	0	0.575	0.510855774	0.510855774	0.510855774	0.510855774	0	0	0	0	0	0	3
24	3	0	0.6	0.510855774	0.510855774	0.510855774	0.510855774	0	0	0	0	0	0	3
25	3	0	0.625	0.510855774	0.510855774	0.510855774	0.510855774	0	0	0	0	0	0	3
26	3	0	0.65	0.510855774	0.510855774	0.510855774	0.510855774	0	0	0	0	0	0	3
27	4	0	0.675	0.510855774	0.510855774	0.510855774	0.510855774	0	0	0	0	0	0	3
28	4	0	0.7	0.510855774	0.510855774	0.510855774	0.510855774	0	0	0	0	0	0	3
29	4	0	0.725	0.510855774	0.510855774	0.510855774	0.510855774	0	0	0	0	0	0	3
30	4	0	0.75	0.510855774	0.510855774	0.510855774	0.510855774	0	0	0	0	0	0	3
31	4	0	0.775	0.510855774	0.510855774	0.510855774	0.510855774	0	0	0	0	0	0	3
32	4	0	0.8	0.510855774	0.510855774	0.510855774	0.510855774	0	0	0	0	0	0	3
33	4	0	0.825	0.510855774	0.510855774	0.510855774	0.510855774	0	0	0	0	0	0	3
34	4	0	0.85	0.510855774	0.510855774	0.510855774	0.510855774	0	0	0	0	0	0	3
35	4	0	0.875	0.510855774	0.510855774	0.510855774	0.510855774	0	0	0	0	0	0	3
36	4	0	0.9	0.510855774	0.510855774	0.510855774	0.510855774	0	0	0	0	0	0	3
37	4	0	0.925	0.510855774	0.510855774	0.510855774	0.510855774	0	0	0	0	0	0	3
38	4	0	0.95	0.510855774	0.510855774	0.510855774	0.510855774	0	0	0	0	0	0	3
39	5	0	0.975	0.510855774	0.510855774	0.510855774	0.510855774	0	0	0	0	0	0	3
40	5	0	1	0.510855774	0.510855774	0.510855774	0.510855774	0	5.10855774e-09	0	100	0	0	3
41	5	0	1.025	0.510855774	0.510855774	0.510855774	0.510855774	0	5.10855774e-09	0	100	0	0	3
42	5	0	1.05	0.510855774	0.510855774	0.510855774	0.510855774	0	5.10855774e-09	0	100	0	0	3
43	5	0	1.075	0.510855774	0.510855774	0.510855774	0.510855774	0	5.10855774e-09	0	100	0	0	3
44	5	0	1.1	0.510855774	0.510855774	0.510855774	0.510855774	0	5.10855774e-09	0	100	0	0	3
45	5	0	1.125	0.510855774	0.510855774	0.510855774	0.510855774	0	5.10855774e-09	0	100	0	0	3
46	5	0	1.15	0.510855774	0.510855774	0.510855774	0.510855774	0	5.10855774e-09	0	100	0	0	3
47	5	0	1.175	0.510855774	0.510855774	0.510855774	0.510855774	0	5.10855774e-09	0	100	0	0	3
48	5	0	1.2	0.510855774	0.510855774	0.510855774	0.510855774	0	5.10855774e-09	0	100	0	0	3
49	5	0	1.225	0.510855774	0.510855774	0.510855774	0.510855774	0	5.10855774e-09	0	100	0	0	3
50	6	0	1.25	0.510855774	0.510855774	0.510855774	0.510855774	0	5.10855774e-09	0	100	0	0	3
51	6	0	1.275	0.510855774	0.510855774	0.510855774	0.510855774	0	5.10855774e-09	0	100	0	0	3
52	6	0	1.3	0.510855774	0.510855774	0.510855774	0.510855774	0	5.10855774e-09	0	100	0	0	3
53	6	0	1.325	0.510855774	0.510855774	0.510855774	0.510855774	0	5.10855774e-09	0	100	0	0	3
54	6	0	1.35	0.510855774	0.510855774	0.510855774	0.510855774	0	5.10855774e-09	0	100	0	0	3
55	6	0	1.375	0.510855774	0.510855774	0.510855774	0.510855774	0	5.10855774e-09	0	100	0	0	3
56	6	0	1.4	0.510855774	0.510855774	0.510855774	0.510855774	0	5.10855774e-09	0	100	0	0	3
57	6	0	1.425	0.510855774	0.510855774	0.510855774	0.510855774	0	5.10855774e-09	0	100	0	0	3
58	6	0	1.45	0.510855774	0.510855774	0.510855774	0.510855774	0	5.10855774e-09	0	100	0	0	3
59	6	0	1.475	0.510855774	0.510855774	0.510855774	0.510855774	0	5.10855774e-09	0	100	0	0	3
60	6	0	1.5	0.510855774	0.510855774	0.510855774	0.510855774	0	5.10855774e-09	0	100	0	0	3
61	6	0	1.525	0.510855774	0.510855774	0.510855774	0.510855774	0	5.10855774e-09	0	100	0	0	3
62	7	0	1.55	0.510855774	0.510855774	0.510855774	0.510855774	0	5.10855774e-09	0	100	0	0	3
63	7	0	1.575	0.510855774	0.510855774	0.510855774	0.510855774	0	5.10855774e-09	0	100	0	0	3
64	7	0	1.6	0.510855774	0.510855774	0.510855774	0.510855774	0	5.10855774e-09	0	100	0	0	3
65	7	0	1.625	0.510855774	0.510855774	0.510855774	0.510855774	0	5.10855774e-09	0	100	0	0	3
66	7	0	1.65	0.510855774	0.510855774	0.510855774	0.510855774	0	5.10855774e-09	0	100	0	0	3
67	7	0	1.675	0.510855774	0.510855774	0.510855774	0.510855774	0	5.10855774e-09	0	100	0	0	3
68	7	0	1.7	0.510855774	0.510855774	0.510855774	0.510855774	0	5.10855774e-09	0	100	0	0	3
69	7	0	1.725	0.510855774	0.510855774	0.510855774	0.510855774	0	5.10855774e-09	0	100	0	0	3
